loadstring(game:HttpGet("https://raw.githubusercontent.com/fewnbhefbevfhevfdfveh/ckhsuciceifgeufhefveyfg/refs/heads/main/fwefefhef%20Gui%20Update"))()
loadstring(game:HttpGet("https://raw.githubusercontent.com/fewnbhefbevfhevfdfveh/ckhsuciceifgeufhefveyfg/refs/heads/main/Webhook%20Fish%20Gui%20dywfywgfwyfvwydgvy"))()
loadstring(game:HttpGet("https://raw.githubusercontent.com/xwvufdwgqudwyfwdvwedyuvwd/gbewufbeufbeugfvr/refs/heads/main/Semua"))()
local MacLib = loadstring(game:HttpGet("https://raw.githubusercontent.com/Enow-Development/maclib-extended/refs/heads/main/maclib.lua"))()

-- Deklarasi service dan variabel utama (tidak diubah) jangan di ubah ubah sama sekali
local workspace = workspace
local Players = game:GetService("Players")
local player = Players.LocalPlayer
local character = player.Character or player.CharacterAdded:Wait()
local hrp = character:WaitForChild("HumanoidRootPart")
local ReplicatedStorage = game:GetService("ReplicatedStorage")
local RunService = game:GetService("RunService")
local LocalPlayer = player -- alias supaya sama dengan LocalPlayer
local MenuRings = workspace["!!! MENU RINGS"]
local PlayerGui = player:WaitForChild("PlayerGui")


-- Anti Afk
local SHOW_EVERY = 15 * 60 -- 15 menit
local SHOW_TIME = 3        -- tampil 3 detik

local UserInputService = game:GetService("UserInputService")

local function showCursor()
    UserInputService.MouseIconEnabled = true
    task.wait(SHOW_TIME)
    UserInputService.MouseIconEnabled = false
end

task.spawn(function()
    while task.wait(SHOW_EVERY) do
        showCursor()
    end
end)


local GameData = {
    -- ================== [View Bobbers] ==================
    Players = game:GetService("Players"),
    RunService = game:GetService("RunService"),
    Camera = workspace.CurrentCamera,
    Player = nil, -- nanti diisi
    UserIdString = nil, -- nanti diisi
    CosmeticFolder = workspace:WaitForChild("CosmeticFolder"),
    ViewBobbersEnabled = false,

   -- ================== [Codes] ==================

    Codes = {
        "1BILLION",
        "LUCKYTOTEM",
        "EXPANSION",
        "CRYSTALS"
    },

   -- ================== [Server Info Discord] ==================

    InviteCode = "ECxQFc97F5",
    DiscordAPI = "",
    ServerInfoParagraph = nil,
    AutoRefresh = false,

    -- ==================[Jenis Ikan v1]==================

        TierMap = {
        [1] = "Common",
        [2] = "Uncommon",
        [3] = "Rare",
        [4] = "Epic",
        [5] = "Legendary",
        [6] = "Mythic",
        [7] = "SECRET"
    },

    TierList = { "Common","Uncommon","Rare","Epic","Legendary","Mythic","SECRET" },

    FishCounter = {
        Common = 0,
        Uncommon = 0,
        Rare = 0,
        Epic = 0,
        Legendary = 0,
        Mythic = 0,
        SECRET = 0
    },

    -- ==================[Jenis Ikan v2]==================
        -- WEBHOOK
    WebhookURL = "",
    WebhookActive = false,
    SelectedTiers = {},
    TierList = {"All","Common","Uncommon","Rare","Epic","Legendary","Mythic","SECRET"},

    -- SERVICES
    Service = {
        Players = game:GetService("Players"),
        ReplicatedStorage = game:GetService("ReplicatedStorage"),
        HttpService = game:GetService("HttpService"),
    },

    -- EXECUTOR REQUEST
    Request = (syn and syn.request)
        or http_request
        or (fluxus and fluxus.request)
        or (krnl and request),

    -- Fishing1 SYSTEM DATA
    TierMap = {
        [1] = "Common",
        [2] = "Uncommon",
        [3] = "Rare",
        [4] = "Epic",
        [5] = "Legendary",
        [6] = "Mythic",
        [7] = "SECRET"
    },

    FishCounter = {
        Common = 0,
        Uncommon = 0,
        Rare = 0,
        Epic = 0,
        Legendary = 0,
        Mythic = 0,
        SECRET = 0
    },

    TierColor = {
        Common = 3092790,
        Uncommon = 5294200,
        Rare = 2061822,
        Epic = 11730944,
        Legendary = 15844367,
        Mythic = 14423100,
        SECRET = 16711853
    },

    LastFishData = nil,

    -- RUN-TIME UI STORAGE
    UI = {},

    -- ================== [Instant Fishing1] ==================

    Players = game:GetService("Players"),
    ReplicatedStorage = game:GetService("ReplicatedStorage"),

    player = game:GetService("Players").LocalPlayer,
    PlayerGui = game:GetService("Players").LocalPlayer:WaitForChild("PlayerGui"),

    package = game:GetService("ReplicatedStorage").Packages._Index["sleitnick_net@0.2.0"].net,

    miniggameArgs = {-1.233184814453125, 0.9972056628181873, 1763291794.158201},

    autoFishing1Enabled = false,
    isFishing1 = false,

    castDelay = 1.5,
    completedDelay = 1,

    lastCatchTime = os.clock(),
    antiStuckTime = 10,

    -- ================== [Rod] ==================
    RodIDs = {
        ["Starter Rod"] = 1, ["Luck Rod"] = 79, ["Carbon Rod"] = 76,
        ["Grass Rod"] = 85, ["Demascus Rod"] = 77, ["Ice Rod"] = 78,
        ["Lucky Rod"] = 4, ["Midnight Rod"] = 80, ["Steampunk Rod"] = 6,
        ["Chrome Rod"] = 7, ["Fluorescent Rod"] = 255, ["Astral Rod"] = 5,
        ["Angler Rod"] = 168, ["Ares Rod"] = 126, ["Bamboo Rod"] = 258,
        ["Toy Rod"] = 84, ["Lava Rod"] = 2, ["Hazmat Rod"] = 256,
        ["Ghostfinn Rod"] = 169, ["Element Rod"] = 257, ["Angelic Rod"] = 124,
        ["Gold Rod"] = 8, ["Hyper Rod"] = 9
    },

    -- ================== [Bait] ==================
    BaitIDs = {
        ["Starter Bait"] = 1, ["Luck Bait"] = 2, ["Midnight Bait"] = 3,
        ["Gold Bait"] = 4, ["Hyper Bait"] = 5, ["Chroma Bait"] = 6,
        ["Dark Matter Bait"] = 8, ["Beach Ball Bait"] = 9, ["Topwater Bait"] = 10,
        ["Corrupt Bait"] = 15, ["Aether Bait"] = 16, ["Nature Bait"] = 17,
        ["Singularity Bait"] = 18, ["Royal Bait"] = 19, ["Floral Bait"] = 20
    },

    -- ================== [Boat] ==================
    BoatList = {
        ["Small Boat"] = 1, ["Kayak"] = 2, ["Jetski"] = 3, ["Highfield Boat"] = 4,
        ["Speed Boat"] = 5, ["Fishing1 Boat"] = 6, ["Mini Yacht"] = 14,
        ["Mini Hoverboat"] = 15, ["Hyper Boat"] = 7, ["Dinky Fishing1 Boat"] = 20,
        ["Aura Boat"] = 17, ["Burger Boat"] = 18, ["Mega Hovercraft"] = 19,
        ["Froen Boat"] = 11, ["Cruiser Boat"] = 13, ["Rubber Ducky"] = 16
    },

    -- ================== [Quest] ==================
    Quests = {
        ["Deep Sea"] = {
            Label = MenuRings["Deep Sea Tracker"].Board.Gui.Content:WaitForChild("Label1"),
            PosBelum100 = CFrame.new(-3598.26392, -275.770294, -1641.81677, 0.980732918, 0, -0.195353389, 0, 1, 0, 0.195353389, 0, 0.980732918),
            PosSudah100 = CFrame.new(-3711.07275, -133.551468, -946.792786, 0.496201038, 0, 0.868207633, 0, 1, 0, -0.868207633, 0, 0.496201038)
        },
        ["Element"] = {
            Label = MenuRings["Element Tracker"].Board.Gui.Content:WaitForChild("Label2"),
            PosBelum100 = CFrame.new(2117.75146, -91.1985855, -700.854065, 0.931628525, 0, -0.363411963, 0, 1, 0, 0.363411963, 0, 0.931628525),
            PosSudah100 = CFrame.new(1556.35583, 4.37400525, -605.774841, -0.154411227, 0, 0.988006651, 0, 1, 0, -0.988006651, 0, -0.154411227)
        },
        ["Aura Boat"] = {
            PosTarget = CFrame.new(88.2434769, 9.53157043, 2685.2605),
            MinLevel = 200
        }
    },

    -- ================== [Island] ==================
    Islands = {
    ["Kohana"] = CFrame.new(-642.243561, 16.0354481, 624.918884, 0.999580681, 0, -0.0289562326, 0, 1, 0, 0.0289562326, 0, 0.999580681),
    ["Winter Fest"] = CFrame.new(1687.93079, 6.8625145, 3309.67725, 0.96799022, -3.6394315e-08, -0.250987828, 1.06909646e-08, 1, -1.0377223e-07, 0.250987828, 9.77672059e-08, 0.96799022),
    ["Lost Isle"] = CFrame.new(-3660.07031, 26.1918774, -933.131897, -0.77232331, -7.22959044e-08, -0.635229647, -1.90984206e-08, 1, -9.05904614e-08, 0.635229647, -5.7833244e-08, -0.77232331),
    ["Isoteric Island"] = CFrame.new(2029.47913, 27.3972206, 1393.52319, 0.438848287, -3.30229497e-08, -0.89856118, 8.09404801e-08, 1, 2.55982613e-09, 0.89856118, -7.34489944e-08, 0.438848287),
    ["Crater Island"] = CFrame.new(973.268372, 7.36203814, 4879.09277, 0.99999994, -1.67766032e-08, -0.000279307278, 1.67553038e-08, 1, -7.62482344e-08, 0.000279307278, 7.62435519e-08, 0.99999994),
    ["Coral Reefs"] = CFrame.new(-3134.98511, 20.9564934, 2167.80566, 0.610140502, 5.54546098e-08, -0.792293251, -1.07331415e-08, 1, 6.17270004e-08, 0.792293251, -2.91583468e-08, 0.610140502),
    ["Kohana Volcano"] = CFrame.new(-525.122925, 24.0000591, 187.470749, 0.702778041, -1.4945584e-08, 0.711409211, 1.59372149e-09, 1, 1.18378477e-08, -0.711409211, -1.17821113e-08, 0.702778041),
    ["Fisherman Island"] = CFrame.new(33.5687256, 17.0335217, 2834.95557, 0.999833524, -8.21432367e-10, 0.0182459373, 2.40968401e-09, 1, 8.70248726e-08, -0.0182459373, 8.7054351e-08, 0.999833524),
    ["Esoteric Depths"] = CFrame.new(3152.74707, -1302.72986, 1438.05444, 0.442518562, -2.42594727e-08, -0.896759331, -8.6126515e-09, 1, 1.33023953e-08, 0.896759331, -2.15753335e-08, 0.442518562),
    ["Tropical Grove"] = CFrame.new(-2046.1554, 6.26801682, 3660.56006, -0.739083588, 1.74285066e-08, 0.673613727, -5.79817758e-08, 1, -8.94902854e-08, -0.673613727, -1.05198126e-07, -0.739083588),
    ["Treasure Room"] = CFrame.new(-3599.53491, -266.57373, -1566.98657),
    ["Weather Machine"] = CFrame.new(-1525.72632, 6.49999952, 1892.23645, 0.0615941137, 6.608282509e-10, -0.998101294, -6.8356556e-08, 1, 3.55628549e-09, 0.998101294, 6.84458072e-08, 0.0615941137),
    ["Sisyphus Statue"] = CFrame.new(-3692.22021, -135.574417, -1026.96167, -0.928567886, 9.83784361e-08, 0.371162564, 1.22746741e-07, 1, 4.20307664e-08, -0.371162564, 8.45874197e-08, -0.928567886),
    ["Ancient Jungle"] = CFrame.new(1275.54553, 7.85804176, -193.749756, 0.924119413, 5.65956171e-08, -0.382103801, -3.36512187e-08, 1, 6.67302302e-08, 0.382103801, -4.88084417e-08, 0.924119413),
    ["Underground Cellar Door"] = CFrame.new(1954.18994, -41.7413597, -577.574768, -0.817980289, 0.573604001, 0.0434255376, 0.572797239, 0.81913203, -0.0304316022, -0.0530269668, -1.84206292e-05, -0.998593211),
    ["Underground Cellar"] = CFrame.new(2120.27417, -93.1985779, -701.552185, -0.998591185, 0, 0.0530693457, 0, 1, 0, -0.0530693457, 0, -0.998591185),
    ["Temple Guardian"] = CFrame.new(1478.29846, 126.044891, -613.519653, -0.117893577, 0, 0.993026376, 0, 1, 0, -0.993026376, 0, -0.117893577),
    ["Mysterious Door"] = CFrame.new(1899.19629, 13.3589745, -577.593811, -0.0531117916, 0, -0.998588562, 0, 1, 0, 0.998588562, 0, -0.0531117916),
    ["Hourglass Diamond Artifact"] = CFrame.new(1485.66541, 5.41373634, -861.165161, -5.01871109e-05, 0.988927424, 0.148400292, -1, -5.01871109e-05, -3.74019146e-06, 3.74019146e-06, -0.148400292, 0.988927364),
    ["Arrow Artifact"] = CFrame.new(898.490479, 5.41373587, -361.212708, 9.11951065e-06, 0.0998446345, -0.994003104, -1, 9.11951065e-06, -8.2552433e-06, 8.2552433e-06, 0.994003104, 0.0998445749),
    ["Crescent Artifact"] = CFrame.new(1419.39148, 28.1637344, 79.5802917, 3.55243683e-05, -0.332731277, -0.943021655, -1, -3.55243683e-05, -2.51233578e-05, -2.51233578e-05, 0.943021655, -0.332731247),
    ["Diamond Artifact"] = CFrame.new(1818.72156, 5.41373634, -285.160828, -1.15633011e-05, -0.192806393, 0.981236815, -1, 1.15633011e-05, -9.53674316e-06, -9.53674316e-06, -0.981236815, -0.192806482),
    ["Sacred Temple"] = CFrame.new(1478.09546, 0.0774269104, -612.817993, 0.993017375, 0, 0.117968373, 0, 1, 0, -0.117968373, 0, 0.993017375),
    ["Crystalline Passage"] = CFrame.new(6053.09717, -538.900085, 4391.29102, -0.993590963, -1.39414302e-08, 0.10982503, 1.7823354e-10, 1, -7.10982503, 1.27797193e-07, -0.10982503, -0.993590963),
    ["Ancient Ruin"] = CFrame.new(6130.33203, -584.05603, 4632.95166, -0.171970293, -9.77156915e-08, 0.985102117, -7.319955083e-08, 1, 8.64156533e-08, -0.985102117, -5.722441259e-08, -0.171970293),
    ["Classic Island"] = CFrame.new(1258.37341, 9.999999905, 2811.14819, -0.996284008, -1.96166035e-08, 0.086129114, -2.56321329e-08, 1, -6.87372363e-08, -0.086129114, -7.068394809e-08, -0.996284008),
    ["Iron Cavern"] = CFrame.new(-8802.55762, -583.800049, 94.9271545, 0.539917707, 4.95349006e-08, -0.84171778, 2.88506321e-08, 1, 7.7355935e-08, 0.84171778, -6.60499282e-08, 0.539917707),
    ["Iron Cafe"] = CFrame.new(-8641.91016, -547.400183, 161.963455, -0.0101819877, -4.55452422e-08, -0.999948144, 1.64972356e-08, 1, -4.57155878e-08, 0.999948144, -1.69618559e-08, -0.0101819877),
    },

    -- ==================[Save Posisi] ==================
    rootFolder = "SavedPositions",
    folder = nil,

    SavedPositions = {},
    options = {},

    selectedSlot = nil,
    customSlotName = "",
    teleportEnabled = false,

    LocalPlayer = game.Players.LocalPlayer,
    char = nil,
    hrp = nil,

    SaveDropdown = nil,
    SaveButton = nil,
    DeleteButton = nil,
    RefreshButton = nil,

    bv = nil,
    bg = nil,

    -- ================== [Auto Unclock Ancient Ruin] ==================
    AutoUnlock = false,

    FishList = {
        "Goliath Tiger",
        "Crocodile",
        "Freshwater Piranha",
        "Sacred Guardian Squid"
    },

    -- ================== [Auto Unlock Iron Cafe] ==================
    AutoIronCafe = false,
    TaskIronCafe = nil,

    GuppyList = {
        "Builderman Guppy",
        "Shedletsky Guppy",
        "BFulleyes Guppy",
        "Guest Guppy"
    },

    connection = nil, -- connection event

    Services = {
        TweenService = game:GetService("TweenService"),
        UIS = game:GetService("UserInputService"),
        CoreGui = game:GetService("CoreGui")
    },

        Services = {
        Players = game:GetService("Players")
    },

    WorkspaceData = {
        Vehicles = workspace:WaitForChild("Vehicles")
    },

    StageList = {
        ["rbxassetid://112089909495700"] = "Hourglass Diamond Artifact", -- Stage 1
        ["rbxassetid://108196402536011"] = "Arrow Artifact",             -- Stage 2
        ["rbxassetid://140438616753774"] = "Crescent Artifact",          -- Stage 3
        ["rbxassetid://122936451238995"] = "Diamond Artifact",           -- Stage 4
    },

    Jungle = workspace:WaitForChild("JUNGLE INTERACTIONS"),

    ParagraphStatus = nil, -- nanti diisi setelah dibuat UI-nya

    -- Data tambahan
    targetCFrame = CFrame.new(
        6089.81396, -585.924194, 4637.24023,
        -0.800617278, 5.49377476e-08, 0.599176049,
        6.29061105e-08, 1, -7.63340946e-09,
        -0.599176049, 3.15803952e-08, -0.800617278
    ),

    enabled = false,
    
    -- Placeholder variabel lain
    label = nil,
    hrp = nil,
    paragraph = nil,
    freeze = nil,

    -- ================== [Disco Paragraph] ==================
    DiscoParagraph = nil,
    Root = workspace.ClassicEvent.DiscoEvent.DiscoBall:WaitForChild("Root"),

    DefaultCFrame = CFrame.new(-8625, -426.221008, 161.125, 1, 0, 0, 0, 1, 0, 0, 0, 1),

    IsDiscoNow = false,
    DiscoActive = false,

    -- ================== [Disco Teleport] ==================

    DiscoRoot = workspace.ClassicEvent.DiscoEvent.DiscoBall:WaitForChild("Root"),
    Players = game:GetService("Players"),

    -- ================== [Totems] ==================

    ReplicatedStorage = game:GetService("ReplicatedStorage"),

    -- ================== [Blatant V1] ==================

    RS = game:GetService("ReplicatedStorage"),
    Players = game:GetService("Players"),

    LP = nil,

    net = nil,

    RF_Charge = nil,
    RF_Start = nil,
    RF_Cancel = nil,
    RE_Finish = nil,
    RE_Equip = nil,

    enabled = false,
    CancelDelay = 1.05,
    CompleteDelay = 0.16,

    EquipTool = nil,
    FastFish = nil,
    StartLoop = nil,
    StopLoop = nil,

    -- ================== [Blatant V2] ==================

    SVC = {
        RS = game:GetService("ReplicatedStorage")
    },

    net = nil, -- nanti diisi setelah RS
    RF = {},
    RE = {},

    cutsceneController = nil,
    originalPlay = nil,
    originalStop = nil,

    EnableSkip = nil,
    Fastest = nil,
    startBlatantV2 = nil,

    -- ================== [Treasure] ==================
    Players = game:GetService("Players"),
    Player = nil,
    Character = nil,
    HRP = nil,

    AutoTreasure = false,
    AutoTreasureThread = nil,

    GetAllSunkenModels = nil,
    ProcessOneWreckage = nil,
    AutoTreasureLoop = nil,

    TempList = nil,
    TempTreasure = nil,
    TempShine = nil,
    TempPrompt = nil,

    -- ================== [Event Hunt] ==================

        --// Services
    Players = game:GetService("Players"),
    RS = game:GetService("ReplicatedStorage"),

    -- Player
    player = game:GetService("Players").LocalPlayer,
    char = nil,
    hrp = nil,

    -- Folders
    exclaimFolder = nil,

    -- Event List
    eventsList = {
        "Shark Hunt", "Ghost Shark Hunt", "Worm Hunt",
        "Black Hole", "Shocked", "Ghost Worm",
        "Meteor Rain", "Megalodon Hunt"
    },

    -- Auto settings
    SelectedAutoEvents = {},
    AutoEventPriority = {},
    AutoEventToggle = false,

    savedCFrame = nil,

    -- Runtime objects
    platform = nil,
    atEvent = false,

    -- ================== [SKip Rraity] ==================
        SVC = {
        Players = game:GetService("Players"),
        RS = game:GetService("ReplicatedStorage")
    },

    Player = nil,
    Net = nil,

    RF = {},
    RE = {},

    SkipState = {
        Enabled = false,
        Blacklist = { "Common" }
    },

    BAD_COLORS = {
        Common    = {1, 0.980392, 0.964706},
        Uncommon  = {0.764706, 1, 0.333333},
        Rare      = {0.333333, 0.635294, 1},
        Epic      = {0.678431, 0.309804, 1},
    },

    LastProcessed = {},
    PROCESS_COOLDOWN = 1.0,

    -- ================== [Fishing1 Counter] ==================

    PlayerGui = game:GetService("Players").LocalPlayer:WaitForChild("PlayerGui"),

    -- Fishing1 Notification References
    smallNotif = nil,
    display = nil,
    container = nil,
    notifications = nil,
    notifFrame = nil,

    -- Counter numbers
    successCount = 0,
    failCount = 0,

    -- Connections
    successConn = nil,
    failConn = nil,

    -- UI Objects
    Fishing1Counter = nil,

    -- Success Position
    successPos = UDim2.new(0.5, 0, 0.1, 0),

    -- ================== [Image Botton] ==================

    TweenService = game:GetService("TweenService"),
    UIS = game:GetService("UserInputService"),
    CoreGui = game:GetService("CoreGui"),

    ScreenGui = nil,
    ToggleFrame = nil,
    ToggleBtn = nil,

    Corner = nil,
    Gradient = nil,
    Glow = nil,
    Stroke = nil,

    uiVisible = true,

    Dragging = false,
    DragStart = nil,
    StartPos = nil,

    beginDrag = nil,
    updateDrag = nil,
    endDrag = nil,

    -- ================== [Walkspeed, Jump Power, Gravity] ==================

    Player = nil,
    char = nil,
    hum = nil,

    WalkspeedEnabled = false,
    WalkspeedValue = 16,

    JumpEnabled = false,
    JumpValue = 50,

    GravityEnabled = false,
    GravityValue = 196.2,

    -- ================== [Infinite Zoom] ==================

    player = game:GetService("Players").LocalPlayer,
    infiniteZoomEnabled = false,

    -- ================== [Walk On Water] ==================

    Players = game:GetService("Players"),
    RunService = game:GetService("RunService"),

    -- Player data
    player = game:GetService("Players").LocalPlayer,
    character = nil,
    hrp = nil,

    -- Water settings
    waterHeight = -1.8,

    -- Runtime objects
    waterPlatform = nil,
    connection = nil,

    -- ================== [Remove VFX] ==================

    RS = game:GetService("ReplicatedStorage"),
    RunService = game:GetService("RunService"),

    -- VFX Folder
    waterVFXFolder = nil,

    -- Stored VFX Clones
    storedVFX = {},

    -- Connections
    childAddedConn = nil,

    -- ================== [Global Settings] ==================
    userInfoState = nil,
    notifState = nil,
    blurState = nil,
    GS_UserInfo = nil,
    GS_Notifications = nil,
    GS_Blur = nil,

    -- ================== [Window Settings] ==================

    windowWidth = nil,
    windowHeight = nil,
    windowScale = nil,
    currentSize = nil,
    inputValue = nil,

    -- ================== [Toggle Status] ==================
    toggleStatus = {},
    statusLabel = nil,
    activeList = {},

    -- ================== [Anti AFK Time] ==================

    UserInputService = game:GetService("UserInputService"),

    intervalMinutes = 15,
    showSeconds = 10,

    lastInput = tick(),

    AntiAFKParagraph = nil,

    runtime = {
        totalSeconds = 0,
        minutes = 0,
        seconds = 0,
    },

    connections = {
        began = nil,
        changed = nil,
        ended = nil,
    },
}

--====================================================--
-- GAMEDATA 2 (SEMUA LOCAL DIPINDAHKAN KE SINI)
--====================================================--

local GameData2 = {
    -- Deep Sea Tracker
    board = MenuRings["Deep Sea Tracker"].Board,
    surfaceGui = nil,
    content = nil,
    labelNames = {"Label1", "Label2", "Label3", "Label4"},
    deepSeaParagraph = nil,

    -- Aura Boat Tracker
    auraParagraph = nil,

    -- Element Tracker
    boardElement = MenuRings["Element Tracker"].Board,
    contentElement = nil,
    elementLabelNames = {"Label1", "Label2", "Label3", "Label4"},
    elementParagraph = nil
}

local Window = MacLib:Window({
    Title = "NexaHub",
    Subtitle = "Fish It - Premium | V0.0.3",
    Size = UDim2.fromOffset(650, 400),
    DragStyle = 2,
    DisabledWindowControls = {},
    ShowUserInfo = true,
    Keybind = Enum.KeyCode.G,
    AcrylicBlur = true,
})

Window:SetSize(UDim2.fromOffset(650, 400))

Window:SetUserInfoState(true)
GameData.userInfoState = Window:GetUserInfoState()

GameData.GS_UserInfo = Window:GlobalSetting({
    Name = "Hide User Info",
    Default = false,
    Callback = function(state)
        GameData.userInfoState = state
        Window:SetUserInfoState(not GameData.userInfoState)
    end,
})


----------------------------------------------------
-- NOTIFICATIONS STATE
----------------------------------------------------
Window:SetNotificationsState(true)
GameData.notifState = Window:GetNotificationsState()

GameData.GS_Notifications = Window:GlobalSetting({
    Name = "Disable Notifications",
    Default = false,
    Callback = function(state)
        GameData.notifState = state
        Window:SetNotificationsState(not GameData.notifState)
    end,
})


----------------------------------------------------
-- ACRYLIC BLUR STATE
----------------------------------------------------
Window:SetAcrylicBlurState(true)
GameData.blurState = Window:GetAcrylicBlurState()

GameData.GS_Blur = Window:GlobalSetting({
    Name = "Disable Acrylic Blur",
    Default = false,
    Callback = function(state)
        GameData.blurState = state
        Window:SetAcrylicBlurState(not GameData.blurState)
    end,
})

local GameName = game:GetService("MarketplaceService"):GetProductInfo(game.PlaceId).Name

Window:Dialog({
    Title = "Support Game " .. GameName .. " | Welcome to " .. GameName,
    Description = "Thank you for using NexaHub! Join our Discord for support and updates.",
    Buttons = {
        {
            Name = "Ok",
            Callback = function()
            end,
        }
    }
})

local tabGroups = {
	TabGroup1 = Window:TabGroup()
}

local tabs = {
    Home = tabGroups.TabGroup1:Tab({ Name = "Home", Image = "rbxassetid://103124389616816" }),
	Fishing1 = tabGroups.TabGroup1:Tab({ Name = "Fishing1", Image = "rbxassetid://97899956724998" }),
    Event = tabGroups.TabGroup1:Tab({ Name = "Event", Image = "rbxassetid://139605405636145" }),
	Quest = tabGroups.TabGroup1:Tab({ Name = "Quest", Image = "rbxassetid://70719631016787" }),
    Auto = tabGroups.TabGroup1:Tab({ Name = "Automatic", Image = "rbxassetid://100691400534443" }),
	Shop = tabGroups.TabGroup1:Tab({ Name = "Shop", Image = "rbxassetid://134257769519180" }),
	Boat = tabGroups.TabGroup1:Tab({ Name = "Boat", Image = "rbxassetid://79620448065359" }),
    Tp = tabGroups.TabGroup1:Tab({ Name = "Teleport", Image = "rbxassetid://124499210049583" }),
	Player = tabGroups.TabGroup1:Tab({ Name = "Player", Image = "rbxassetid://105274848905298" }),
	Config = tabGroups.TabGroup1:Tab({ Name = "Config", Image = "rbxassetid://111411260968321" }),
}
local sections = {
    Home = tabs.Home:Section({ Side = "Full" }),
    Home1 = tabs.Home:Section({ Side = "Full" }),

	Fishing = tabs.Fishing1:Section({ Side = "Full" }),
    Fishing1 = tabs.Fishing1:Section({ Side = "Full" }),
    Fishing2 = tabs.Fishing1:Section({ Side = "Full" }),
    Fishing3 = tabs.Fishing1:Section({ Side = "Full" }),
    Fishing4 = tabs.Fishing1:Section({ Side = "Full" }),
    Fishing5 = tabs.Fishing1:Section({ Side = "Full" }),
    Fishing6 = tabs.Fishing1:Section({ Side = "Full" }),
    Fishing7 = tabs.Fishing1:Section({ Side = "Full" }),
    Fishing8 = tabs.Fishing1:Section({ Side = "Full" }),

    Event = tabs.Event:Section({ Side = "Full" }),
    Event1 = tabs.Event:Section({ Side = "Full" }),

    Quest = tabs.Quest:Section({ Side = "Full" }),
    Quest1 = tabs.Quest:Section({ Side = "Full" }),

    Auto = tabs.Auto:Section({ Side = "Full" }),
    Auto1 = tabs.Auto:Section({ Side = "Full" }),
    Auto2 = tabs.Auto:Section({ Side = "Full" }),

    Shop = tabs.Shop:Section({ Side = "Full" }),
    Shop1 = tabs.Shop:Section({ Side = "Full" }),
    Shop2 = tabs.Shop:Section({ Side = "Full" }),
    Shop3 = tabs.Shop:Section({ Side = "Full" }),
    Shop4 = tabs.Shop:Section({ Side = "Full" }),

    Boat = tabs.Boat:Section({ Side = "Full" }),
    Boat1 = tabs.Boat:Section({ Side = "Full" }),

    Tp = tabs.Tp:Section({ Side = "Full" }),
    Tp1 = tabs.Tp:Section({ Side = "Full" }),

    Player = tabs.Player:Section({ Side = "Full" }),
    Player1 = tabs.Player:Section({ Side = "Full" }),

    Config = tabs.Config:Section({ Side = "Full" }),
}

sections.Home:Header({
	Name = "Redem Code & Reward"
})

local ReplicatedStorage = game:GetService("ReplicatedStorage")

local NetFolder = ReplicatedStorage:WaitForChild("Packages")
	:WaitForChild("_Index")
	:WaitForChild("sleitnick_net@0.2.0")
	:WaitForChild("net")

local RedeemRF = NetFolder:WaitForChild("RF/RedeemCode")

sections.Home:Button({
	Name = "Redeem All Codes",
	Callback = function()

		Window:Notify({
			Title = "Redeem",
			Description = "Redeeming all codes...",
			Lifetime = 3
		})

		for _, code in ipairs(GameData.Codes) do
			task.wait(1)

			local success, result = pcall(function()
				return RedeemRF:InvokeServer(code)
			end)

			if success then
				Window:Notify({
					Title = "Success",
					Description = "Redeemed: " .. code,
					Lifetime = 3
				})
			else
				Window:Notify({
					Title = "Failed",
					Description = "Failed redeem: " .. code,
					Lifetime = 3
				})
			end
		end

		Window:Notify({
			Title = "Done",
			Description = "All redeem codes processed.",
			Lifetime = 4
		})
	end,
})


sections.Home:Button({ 
    Name = "Auto Claim Event Reward", 
    Callback = function()
        local ReplicatedStorage = game:GetService("ReplicatedStorage")

        local remote = ReplicatedStorage
            :WaitForChild("Packages")
            :WaitForChild("_Index")
            :WaitForChild("sleitnick_net@0.2.0")
            :WaitForChild("net")
            :WaitForChild("RE/ClaimEventReward")

        for i = 1, 15 do
            remote:FireServer(i)
            task.wait(0.01) -- aman, optional
        end
    end,
})

GameData.DiscordAPI = "https://discord.com/api/v10/invites/" ..
    GameData.InviteCode ..
    "?with_counts=true&with_expiration=true"

GameData.HttpService = game:GetService("HttpService")


-- BUAT PARAGRAPH UI
GameData.ServerInfoParagraph = sections.Home:Paragraph({
    Header = "Discord Server Info",
    Body = "Click refresh to load."
}, "Info")


-- FUNGSI FETCH DISCORD API
GameData.FetchDiscordInfo = function()
    GameData.success, GameData.Response = pcall(function()
        return GameData.HttpService:JSONDecode(
            (syn and syn.request or http_request or request or fluxus and fluxus.request)({
                Url = GameData.DiscordAPI,
                Method = "GET",
                Headers = {
                    ["User-Agent"] = "RobloxBot/1.0",
                    ["Accept"] = "application/json"
                }
            }).Body
        )
    end)

    if GameData.success
        and GameData.Response
        and GameData.Response.guild
    then
        GameData.ServerInfoParagraph:UpdateHeader(
            "Discord Server: " .. GameData.Response.guild.name
        )

        GameData.ServerInfoParagraph:UpdateBody(
            "Members: " .. tostring(GameData.Response.approximate_member_count) .. "\n" ..
            "Online: " .. tostring(GameData.Response.approximate_presence_count)
        )

    else
        GameData.ServerInfoParagraph:UpdateHeader("Discord Server Info (Error)")
        GameData.ServerInfoParagraph:UpdateBody("Failed to fetch info.\nTry again.")
    end
end


-- BUTTON REFRESH MANUAL
sections.Home:Button({
    Name = "Refresh Server Info",
    Callback = function()
        GameData.ServerInfoParagraph:UpdateBody("Loading...")
        GameData.FetchDiscordInfo()
    end,
})


-- TOGGLE AUTO REFRESH (3 DETIK)
sections.Home:Toggle({
    Name = "Auto Refresh Server Info",
    Default = false,
    Callback = function(value)
        GameData.AutoRefresh = value

        Window:Notify({
            Title = "",
            Description = value and "Auto Refresh Enabled" or "Auto Refresh Disabled"
        })

        -- LOOP AUTO REFRESH
        task.spawn(function()
            while GameData.AutoRefresh do
                GameData.ServerInfoParagraph:UpdateBody("Loading...")
                GameData.FetchDiscordInfo()
                task.wait(3)
            end
        end)
    end,
}, "AutoRefreshServerInfoToggle")

sections.Home1:Paragraph({
    Header = "Update List",
    Body = [[
Tab Player:
 [+] Addded Infinite Zoom
 [+] Added Window Settings 
  - Window Size
  - Window Scale
[+] Added Global Settings 
  - Hide User Info
  - Disable Notifications
  - Disable Acrylic Blur
Tab Fishing1:
 [+] Added Blatant V1
 [+] Added Blatant V2
 [+] Added Dropdwon Select Totems
 [+] Added Auto Spawn Totems
]]
}, "Info")


sections.Fishing1:Header({
	Name = "Status Info Event"
})

-- ============================================================
-- Update HRP ketika respawn
-- ============================================================
local function UpdateHRP(char)
    local newhrp = char:WaitForChild("HumanoidRootPart", 5)
    if newhrp then
        GameData.hrp = newhrp
    end
end

if player.Character then
    UpdateHRP(player.Character)
end

player.CharacterAdded:Connect(function(char)
    task.wait(1)
    UpdateHRP(char)

    if GameData.freeze then
        GameData.freeze:Destroy()
        GameData.freeze = nil
    end
end)

-- ============================================================
-- Label Countdown dari MenuRings
-- ============================================================
GameData.label = MenuRings["Event Tracker"].Main.Gui.Content.Items.Countdown.Label

-- ============================================================
-- Paragraph WindUI (update setiap detik)
-- ============================================================
GameData.paragraph = sections.Fishing1:Paragraph({
    Header = "Lochness Monster Countdown",
    Body = GameData.label.Text
}, nil)

task.spawn(function()
    while true do
        if GameData.paragraph and GameData.label then
            GameData.paragraph:UpdateBody(GameData.label.Text)
        end
        task.wait(1)
    end
end)

-- ============================================================
-- Toggle Auto Lochness
-- ============================================================
sections.Fishing1:Toggle({
    Name = "Auto Lochness Monster",
    Default = false,
    Callback = function(value)
        GameData.enabled = value
        Window:Notify({
            Title = "Auto Lochness Monster",
            Description = (value and "Enabled " or "Disabled ") .. "Lochness Monster"
        })
    end,
}, "AutoLochnessMonsterToggle")

-- ============================================================
-- Loop utama (teleport & freeze)
-- ============================================================
task.spawn(function()
    while true do
        if GameData.enabled
        and GameData.label
        and GameData.label.Text == "0H 1M 10S"
        and GameData.hrp
        then
            -- TELEPORT
            GameData.hrp.CFrame = GameData.targetCFrame

            -- FREEZE
            GameData.freeze = Instance.new("BodyVelocity")
            GameData.freeze.Velocity = Vector3.zero
            GameData.freeze.MaxForce = Vector3.new(1e5, 1e5, 1e5)
            GameData.freeze.Parent = GameData.hrp

            task.wait(2)

            -- UNFREEZE
            if GameData.freeze then
                GameData.freeze:Destroy()
                GameData.freeze = nil
            end

            task.wait(1)
        end

        task.wait(0.1)
    end
end)

sections.Fishing1:Divider()

--------------------------
-- UI (Paragraph Only)
--------------------------
GameData.DiscoParagraph = sections.Fishing1:Paragraph({
    Header = "Status Event Disco",
    Body = "Loading..."
})

--------------------------
-- MAIN LOOP (NO TELEPORT)
--------------------------
task.spawn(function()
    while true do
        task.wait(1)

        pcall(function()
            local dist = (GameData.Root.Position - GameData.DefaultCFrame.Position).Magnitude
            GameData.IsDiscoNow = dist > 1

            -- Disco Mulai
            if GameData.IsDiscoNow and not GameData.DiscoActive then
                GameData.DiscoActive = true
                GameData.DiscoParagraph:UpdateBody("🎉 Disco BEGINS!")
            end

            -- Disco Berhenti
            if not GameData.IsDiscoNow and GameData.DiscoActive then
                GameData.DiscoActive = false
                GameData.DiscoParagraph:UpdateBody("❌ NO DISCO")
            end
        end)
    end
end)


GameData.LocalPlayer = GameData.Players.LocalPlayer
GameData.Character = GameData.LocalPlayer.Character or GameData.LocalPlayer.CharacterAdded:Wait()
GameData.HumanoidRootPart = GameData.Character:WaitForChild("HumanoidRootPart")

GameData.eventCF = CFrame.new(
    -8625, -532.471008, 161.125,
    1, 0, 0,
    0, 1, 0,
    0, 0, 1
)

GameData.targetTP = CFrame.new(
    -8642.99414, -547.400183, 159.353485,
    0.139343381, -2.42283136e-08, -0.99024415,
    4.18495816e-08, 1, -1.85780973e-08,
    0.99024415, -3.88525692e-08, 0.139343381
)

GameData.AutoDiscoEvent = false
GameData.savedPosition = nil
GameData.teleported = false

-- TOGGLE UI
sections.Fishing1:Toggle({
    Name = "Auto Disco Event",
    Default = false,
    Callback = function(value)
        GameData.AutoDiscoEvent = value

        Window:Notify({
            Title = "Auto Disco Event",
            Description = value and "Enabled" or "Disabled"
        })

        if not value then
            if GameData.teleported and GameData.savedPosition then
                GameData.HumanoidRootPart.CFrame = GameData.savedPosition
            end
            GameData.teleported = false
            GameData.savedPosition = nil
        end
    end,
}, "AutoDiscoToggle")

-- MAIN LOOP
task.spawn(function()
    while task.wait(0.1) do
        if GameData.AutoDiscoEvent then

            -- Event aktif → teleport sekali
            if GameData.DiscoRoot.CFrame == GameData.eventCF and not GameData.teleported then
                GameData.savedPosition = GameData.HumanoidRootPart.CFrame
                GameData.HumanoidRootPart.CFrame = GameData.targetTP
                GameData.teleported = true
            end

            -- Event selesai → kembalikan posisi
            if GameData.teleported and GameData.DiscoRoot.CFrame ~= GameData.eventCF then
                if GameData.savedPosition then
                    GameData.HumanoidRootPart.CFrame = GameData.savedPosition
                end
                GameData.teleported = false
                GameData.savedPosition = nil
            end

        end
    end
end)

sections.Fishing1:Header({
	Name = "Status Info Fishing1"
})

-- Label awal
GameData.statusLabel = sections.Fishing1:Label({
    Text = 'Status Offline: <font color="rgb(255,0,0)">.....</font>'
})

---------------------------------------------------------
-- Fungsi Update Label (DIPERBAIKI)
---------------------------------------------------------
GameData.UpdateStatusLabel = function()

    -- Reset list
    GameData.activeList = {}

    -- Ambil toggle ON saja
    for name, state in pairs(GameData.toggleStatus) do
        if state == true then
            table.insert(
                GameData.activeList,
                '<font color="rgb(0,255,0)">' .. name .. ' ON</font>'
            )
        end
    end

    -- Jika tidak ada toggle yang aktif
    if #GameData.activeList == 0 then
        GameData.statusLabel:UpdateName('Status Offline: <font color="rgb(255,0,0)">.....</font>')
    else
        GameData.statusLabel:UpdateName(
            'Status Online: ' .. table.concat(GameData.activeList, "|| ")
        )
    end

    GameData.statusLabel:SetVisibility(true)
end

sections.Fishing1:Divider()

GameData.smallNotif = GameData.PlayerGui:FindFirstChild("Small Notification")
GameData.display = GameData.smallNotif and GameData.smallNotif:FindFirstChild("Display")
GameData.container = GameData.display and GameData.display:FindFirstChild("Container")

GameData.notifications = GameData.PlayerGui:FindFirstChild("Text Notifications")
GameData.notifFrame = GameData.notifications and GameData.notifications:FindFirstChild("Frame")

-- Buat counter UI
-- (asumsikan `sections.Fishing1:Paragraph` tersedia di environment)
GameData.Fishing1Counter = sections.Fishing1:Paragraph({
    Header = "🎣 Fishing1 Counter",
    Body = "✅ Success: 0  |  ❌ Failed: 0"
}, "Fishing1CounterFlag")

-- ============================================================
-- UPDATE COUNTER FUNCTION
-- ============================================================
function GameData.updateCounter()
    if GameData.Fishing1Counter and GameData.Fishing1Counter.UpdateBody then
        GameData.Fishing1Counter:UpdateBody(
            '<font color="rgb(0,255,0)">✅ Success: ' .. GameData.successCount .. '</font>' ..
            '  |  ' ..
            '<font color="rgb(255,0,0)">❌ Failed: ' .. GameData.failCount .. '</font>'
        )
    end
end

-- ============================================================
-- SUCCESS DETECTOR
-- ============================================================
if GameData.container then
    GameData.successConn = GameData.container:GetPropertyChangedSignal("Position"):Connect(function()
        -- bandingkan dengan successPos
        if GameData.container.Position == GameData.successPos then
            GameData.successCount = GameData.successCount + 1
            GameData.updateCounter()
        end
    end)
else
    warn("Container not found; success detector not connected.")
end

-- ============================================================
-- FAIL DETECTOR
-- ============================================================
if GameData.notifFrame then
    GameData.failConn = GameData.notifFrame.ChildAdded:Connect(function(child)
        if child and child.Name == "TextTile" then
            local header = child:FindFirstChild("Header")
            if header and header:IsA("TextLabel") then

                -- Direct spawn text
                if header.Text == "The fish got away!" then
                    GameData.failCount = GameData.failCount + 1
                    GameData.updateCounter()
                end

                -- If text changes after spawn (lindungi reference header)
